0
0.9073228479621174
0.9178383872607149
0.921126046157748
0.9217787528478609
0.9223104205370715
0.9202123178026792
0.9202660604529764
0.9203778677462887
0.9222474938926796
0.9205706085928927
0.9191331478202208
0.9238312621523376
0.9219147852656595
0.9239469907993584
0.9218538565629228
0.921221322537112
0.9204152249134948
0.9235572055349309
0.9233237628778922
0.9209703321781759
0.9219079780498101
0.9227395411605938
0.9247638326585695
0.9238955992904806
0.9234409329051885
0.9219726397567978
0.922465544939545
0.9239607975667455
0.9238432961837217
0.923947946594558
0.9231808205301368
0.9252723127585917
0.9239341494301393
