0
0.901838421318941
0.9080479163151679
0.9105896206577508
0.9175283732660781
0.9165825765220316
0.9171233454177558
0.9172856178257934
0.9171373177105285
0.9157805907172996
0.9179495855185248
0.9173909374736309
0.9153256382172046
0.9123220752968921
0.916062700151694
0.9183364202727732
0.9153456998313659
0.918554703950139
0.9177481881004551
0.9169334456613312
0.9189554635341841
0.9186360567184334
0.9177781529630255
0.9174048764025985
0.9190556492411467
0.9163084702907711
0.9159083249073138
0.9195286195286195
0.9200776436830111
0.9187231533731997
0.9180576631259485
0.9156402901974017
0.915892585711873
0.9143723162414752
