0
0.9048704313328269
0.9163427412540138
0.9152770759642919
0.9167300701665398
0.9185673255617502
0.9159649713708319
0.9162303664921466
0.9194336760492162
0.9182315789473684
0.9181045366551638
0.9200134998312521
0.9185634800202327
0.9177263157894735
0.9178972238629652
0.9181019925700777
0.9165333108734102
0.9177284617331871
0.9183983781044095
0.9185722723820775
0.9205197435032063
0.9187589821624821
0.9210770659238626
0.921247892074199
0.9195441114394259
0.9183656205058793
0.9187547456340168
0.9196797302991994
0.9193888748206297
0.9204315576534052
0.9186772397502954
0.9189417631645677
0.9215686274509804
0.9207419898819561
