0
0.8980805163920503
0.9124596294407615
0.9172588832487311
0.9181212581161986
0.9208062747743949
0.9185222672064779
0.9207286220273233
0.9160202360876897
0.9242859557208045
0.9229598308668076
0.9233243060257278
0.91963531993922
0.9225702946888458
0.922713466081674
0.9221678203613034
0.9230119871686645
0.9192567567567567
0.9220888964002028
0.9213578261237619
0.9243896257497676
0.9239746300211417
0.9226747617842989
0.9220888964002028
0.9246840775063184
0.9238175675675676
0.9204315576534052
0.9241414226647541
0.9231158320687912
0.9240645324774053
0.9232717143580654
0.9220899805858024
0.9246823192796432
0.9224668860204167
