0
0.8720723767650292
0.8683874265269614
0.872591460826755
0.8685062169988078
0.8739296311996608
0.8734101579172001
0.8750744110893784
0.8739423980856338
0.8787208708964109
0.8787259410662579
0.8735336929531637
0.8727084947069454
0.8811746732303514
0.8748709122203098
0.8735378877775893
0.8776235612728505
0.8773042956357713
0.8719693747341556
0.8761726078799249
0.8671961738833376
0.876936170212766
0.8773874488403819
0.8760865859894323
0.8683117103366405
0.8765833618623758
0.874745417515275
0.8748828890213781
0.8744780570941627
0.884139100932994
0.8786511113003491
0.8792008803860154
0.8745958822528501
0.8840864440078585
0.877258461277462
