0
0.8939828080229226
0.905488576005396
0.9099045849869121
0.901775147928994
0.913797479062685
0.9148414376321353
0.9140186915887851
0.915055951169888
0.9131761912837035
0.9186716367333108
0.917918682624565
0.9177907864596588
0.9145805142083897
0.9136745607333844
0.9164411366711772
0.9168360433604335
0.9179826795720835
0.9147602101338755
0.9148592327974824
0.9101552557902775
0.9184141268358944
0.9114116652578191
0.9126707969108038
0.9145132593408456
0.9128222523744912
0.9146010186757216
0.9149584956801625
0.9163913595933926
0.9152800067573275
0.9158466236851035
0.9177129284017645
0.9170187595065067
0.9179161372299873
